0 22 356
1 22 770
1 23 623
2 20 791
2 21 379
2 22 475
2 23 520
2 24 313
3 18 453
3 19 891
3 20 575
3 23 267
3 24 482
3 25 333
4 16 51
4 18 506
4 19 863
4 20 691
4 23 203
4 24 207
4 25 523
4 26 343
4 27 360
4 28 382
5 18 462
5 19 597
5 20 347
5 23 222
5 24 417
5 25 674
5 26 293
5 27 370
5 28 485
5 29 321
6 24 609
6 25 768
6 26 429
6 27 271
6 28 384
6 29 370
7 24 295
7 27 522
7 28 495
7 29 524
7 32 497
8 22 190
8 23 321
8 27 475
8 28 229
8 29 373
8 32 88
8 41 387
9 22 299
9 23 570
9 27 453
9 28 266
9 29 239
10 16 568
10 17 659
10 21 448
10 22 253
10 23 362
10 24 333
10 27 437
10 28 299
10 29 342
10 39 250
10 42 526
11 13 285
11 14 493
11 15 183
11 16 242
11 17 489
11 18 511
11 19 314
11 20 249
11 26 149
11 27 180
11 28 287
11 29 447
11 30 218
11 37 94
11 38 165
11 39 148
11 42 430
11 43 135
12 13 258
12 14 317
12 15 159
12 16 100
12 17 129
12 18 215
12 19 341
12 20 282
12 27 215
12 28 139
12 29 175
12 30 122
12 37 112
12 38 293
12 39 159
12 40 323
12 42 237
13 13 339
13 14 166
13 15 202
13 16 184
13 17 222
13 18 237
13 19 223
13 27 422
13 28 325
13 29 225
13 30 89
13 31 106
13 39 193
14 13 379
14 14 328
14 15 291
14 16 246
14 17 383
14 22 119
14 27 513
14 28 412
14 29 277
14 30 185
14 31 119
15 11 368
15 12 364
15 13 244
15 14 213
15 15 196
15 16 109
15 17 229
15 27 556
15 28 514
15 29 123
15 31 65
16 10 285
16 11 291
16 12 118
16 13 115
16 14 163
16 15 177
16 16 113
16 17 148
16 27 427
16 28 342
16 31 180
17 8 441
17 9 277
17 10 292
17 11 191
17 12 71
17 13 181
17 14 282
17 15 216
17 16 188
17 17 169
17 18 279
17 19 153
17 20 148
17 21 119
17 22 71
17 26 204
17 27 346
17 28 286
17 35 56
17 36 255
18 7 293
18 8 743
18 9 911
18 10 469
18 11 198
18 12 127
18 13 253
18 14 191
18 15 128
18 16 230
18 17 173
18 18 198
18 19 173
18 20 194
18 21 280
18 22 182
18 26 391
18 27 386
18 28 449
18 29 417
18 32 193
19 7 358
19 8 323
19 9 872
19 10 1815
19 11 1192
19 12 1174
19 13 405
19 14 106
19 15 286
19 16 419
19 17 251
19 18 266
19 19 207
19 20 300
19 21 367
19 22 321
19 23 379
19 24 414
19 25 558
19 26 417
19 27 286
19 28 311
19 29 333
19 32 285
20 8 235
20 9 876
20 10 1953
20 11 4602
20 12 6312
20 13 2282
20 14 249
20 15 301
20 16 336
20 17 206
20 18 301
20 19 301
20 20 381
20 21 406
20 22 357
20 23 467
20 24 631
20 25 463
20 26 393
20 32 114
21 8 120
21 9 231
21 10 706
21 11 3577
21 12 6406
21 13 3008
21 14 458
21 15 378
21 16 310
21 17 160
21 18 237
21 19 274
21 20 307
21 21 612
21 22 788
21 23 799
21 24 824
21 25 460
21 26 289
21 32 143
21 37 25
22 8 120
22 9 113
22 10 108
22 13 958
22 14 400
22 15 355
22 16 267
22 17 143
22 18 304
22 19 357
22 20 355
22 21 646
22 22 565
22 23 595
22 26 108
22 31 168
22 32 166
22 33 165
22 34 221
22 37 113
23 3 135
23 10 456
23 13 2109
23 14 1739
23 15 498
23 16 248
23 17 215
23 18 465
23 19 477
23 20 333
23 21 355
23 22 460
23 31 199
23 32 234
23 33 265
23 34 255
23 37 680
24 3 162
24 10 856
24 11 325
24 12 150
24 13 1200
24 14 2014
24 15 654
24 16 133
24 17 660
24 18 901
24 19 502
24 20 338
24 21 487
24 22 462
24 28 301
24 30 327
24 31 237
24 32 406
24 33 502
24 34 586
24 37 892
24 38 634
24 39 490
24 44 227
25 3 169
25 13 430
25 14 1879
25 15 1207
25 16 452
25 17 1273
25 18 1794
25 19 1278
25 20 831
25 21 1017
25 22 725
25 23 160
25 24 93
25 25 257
25 26 391
25 27 561
25 28 580
25 29 320
25 30 196
25 31 128
25 32 168
25 33 165
25 34 260
25 39 699
25 40 1451
25 41 1815
26 3 191
26 4 134
26 15 1114
26 16 761
26 17 1376
26 18 3925
26 19 4267
26 20 3801
26 21 3107
26 22 1332
26 23 405
26 24 312
26 25 549
26 26 500
26 27 451
26 28 563
26 29 269
26 30 124
26 31 118
26 32 115
26 33 79
26 34 113
26 39 474
26 40 377
26 41 1027
27 4 185
27 5 43
27 15 824
27 16 761
27 17 1302
27 18 6155
27 19 6912
27 20 7359
27 21 5348
27 23 365
27 25 779
27 26 680
27 27 746
27 28 433
27 29 198
27 30 103
27 31 84
27 32 126
27 33 80
27 34 105
27 38 291
27 39 348
27 47 38
28 1 148
28 4 217
28 10 233
28 12 39
28 15 255
28 16 213
28 17 858
28 18 2230
28 19 963
28 20 3394
28 21 1979
28 23 189
28 25 821
28 26 860
28 27 477
28 28 268
28 29 270
28 30 182
28 31 152
28 32 192
28 35 57
28 38 388
28 39 295
28 43 345
29 2 196
29 3 183
29 7 263
29 10 972
29 11 441
29 12 286
29 13 697
29 14 452
29 15 145
29 16 140
29 17 209
29 18 264
29 19 290
29 20 916
29 21 839
29 22 437
29 23 279
29 24 359
29 25 503
29 26 336
29 27 172
29 28 217
29 29 343
29 30 257
29 31 121
29 32 154
29 35 8
29 37 230
29 38 546
29 39 374
29 43 643
29 44 626
30 10 622
30 11 701
30 12 519
30 13 907
30 14 550
30 15 209
30 16 387
30 17 304
30 18 203
30 19 269
30 20 570
30 21 422
30 22 253
30 23 300
30 24 330
30 25 224
30 26 113
30 27 102
30 28 168
30 29 425
30 30 295
30 37 141
30 38 373
30 39 371
30 43 531
31 8 238
31 9 259
31 10 436
31 11 279
31 12 460
31 13 471
31 14 702
31 15 570
31 16 599
31 17 454
31 18 418
31 19 324
31 20 283
31 21 342
31 22 330
31 25 104
31 26 191
31 27 132
31 28 168
31 29 342
31 30 435
31 38 281
31 39 300
31 42 242
32 11 89
32 12 194
32 13 142
32 14 153
32 15 278
32 16 245
32 17 156
32 20 122
32 21 146
32 22 232
32 26 94
32 27 75
32 28 100
32 29 136
32 30 316
32 31 553
32 32 202
33 0 195
33 7 157
33 11 173
33 12 209
33 13 60
33 14 84
33 15 65
33 16 74
33 20 62
33 21 93
33 22 109
33 26 165
33 27 89
33 28 90
33 29 52
33 30 198
33 31 828
33 32 625
33 44 282
34 4 226
34 5 109
34 6 106
34 7 179
34 8 422
34 9 813
34 10 546
34 11 427
34 15 45
34 20 119
34 25 89
34 26 106
34 27 91
34 30 189
34 31 720
34 32 462
34 33 471
34 34 537
35 3 320
35 4 441
35 5 241
35 6 202
35 7 350
35 8 513
35 9 336
35 10 196
35 11 216
35 15 47
35 17 168
35 20 152
35 25 123
35 26 262
35 27 69
35 30 327
36 1 158
36 2 174
36 3 188
36 4 292
36 5 241
36 6 340
36 7 481
36 8 405
36 9 186
36 10 183
36 11 157
36 12 140
36 16 246
36 17 174
36 18 187
36 19 83
36 20 177
36 21 216
36 22 140
36 25 310
36 26 358
36 27 73
36 30 214
36 40 265
37 3 354
37 4 191
37 5 227
37 6 282
37 9 318
37 13 269
37 16 111
37 17 76
37 18 118
37 19 162
37 20 200
37 21 68
37 22 50
37 23 86
37 24 334
37 25 345
37 26 194
37 27 161
37 28 397
37 29 207
37 30 148
37 31 94
37 32 108
37 33 184
37 34 514
37 35 251
37 36 143
38 5 86
38 13 315
38 16 96
38 17 165
38 18 330
38 19 233
38 22 16
38 23 38
38 24 244
38 27 199
38 28 511
38 29 323
38 30 87
38 31 164
38 32 111
38 33 86
38 34 337
38 35 287
38 36 193
39 5 66
39 10 489
39 11 380
39 12 323
39 16 106
39 17 233
39 18 347
39 19 265
39 22 190
39 23 121
39 24 164
39 27 273
39 28 447
39 29 220
39 30 120
39 31 173
39 34 305
39 37 41
40 7 334
40 8 227
40 11 215
40 12 70
40 16 175
40 17 132
40 22 135
40 23 97
40 24 92
40 25 108
40 26 240
40 27 228
40 28 488
40 29 285
40 30 189
40 31 173
40 37 43
40 38 313
40 39 501
40 40 317
40 41 316
41 7 305
41 8 96
41 13 145
41 16 129
41 21 76
41 22 164
41 23 77
41 24 39
41 25 270
41 26 412
41 27 355
41 28 432
41 29 351
41 30 252
41 37 17
41 38 144
41 39 305
42 8 29
42 14 177
42 15 116
42 21 307
42 22 237
42 23 72
42 24 65
42 25 254
42 26 284
42 27 247
42 28 223
42 29 236
42 30 258
42 37 92
42 38 167
43 8 121
43 18 323
43 19 626
43 20 405
43 21 387
43 22 144
43 23 76
43 24 120
43 25 174
43 26 130
43 27 161
43 28 131
43 29 218
43 30 201
43 37 136
43 38 123
44 7 591
44 8 218
44 11 85
44 17 208
44 18 817
44 19 1100
44 20 343
44 23 140
44 24 245
44 27 113
44 28 113
44 34 84
44 37 149
44 38 223
44 39 124
44 40 111
44 41 192
45 7 436
45 8 152
45 11 295
45 16 217
45 17 387
45 18 317
45 19 357
45 20 238
45 23 410
45 24 448
45 27 37
45 28 57
45 37 113
45 38 299
45 39 456
46 12 240
46 16 201
46 17 441
46 18 472
46 19 237
46 20 253
46 23 513
46 24 452
46 25 468
46 26 482
46 27 419
46 28 428
46 29 303
46 35 75
46 36 168
46 37 182
46 38 300
46 39 339
47 12 315
47 16 527
47 17 437
47 18 734
47 19 352
47 22 459
47 23 416
47 24 516
47 25 321
47 26 225
47 27 400
47 28 480
47 29 344
47 30 280
47 31 226
47 32 233
47 35 84
47 36 95
47 37 190
47 40 169
47 41 86
48 10 564
48 11 840
48 12 749
48 13 571
48 14 934
48 15 700
48 16 778
48 17 495
48 18 515
48 19 339
48 22 217
48 23 320
48 24 369
48 25 196
48 26 115
48 27 443
48 28 395
48 29 327
48 30 265
48 31 195
48 32 147
48 36 131
49 12 1057
49 13 472
49 14 1680
49 18 347
49 22 202
49 23 296
49 24 343
49 25 280
49 26 144
49 27 203
49 28 207
49 29 223
49 30 320
49 33 182
49 36 183
50 12 449
50 13 92
50 14 660
50 18 337
50 22 374
50 23 364
50 24 324
50 25 371
50 26 194
50 27 115
50 28 149
50 29 221
50 30 260
50 34 119
50 35 114
50 36 170
51 13 238
51 14 545
51 15 374
51 16 564
51 17 544
51 18 313
51 19 269
51 20 82
51 21 233
51 22 369
51 23 383
51 24 282
51 25 259
51 26 112
51 27 275
51 28 290
51 29 245
51 30 320
51 34 153
51 35 181
51 36 142
52 14 406
52 15 431
52 16 558
52 17 799
52 18 850
52 19 405
52 20 94
52 21 379
52 22 321
52 23 115
52 24 135
52 25 89
52 26 235
52 27 418
52 28 317
52 29 226
52 30 384
52 31 117
52 34 63
52 35 186
52 36 199
53 18 847
53 19 246
53 20 54
53 21 161
53 25 108
53 26 307
53 27 364
53 28 617
53 29 450
53 32 117
53 33 339
53 34 134
53 35 101
54 25 271
54 26 474
54 27 171
54 28 166
54 29 171
54 32 93
54 33 436
54 34 405
54 35 163
55 23 302
55 24 358
55 25 290
55 26 263
55 27 134
55 31 124
55 32 176
55 33 236
55 34 210
55 35 261
55 36 260
56 23 93
56 25 235
56 26 102
56 27 101
56 34 73
56 35 96
